211
4578 2745 5601
9425 8840 8558
3872 5845 7059
216 3820 9181
2004 9821 1984
9939 2030 6419
4341 1706 7715
2209 7052 1817
7081 7264 5078
195 641 7270
5487 6898 327
5888 1418 3131
912 8471 5903
6150 5652 9198
9242 8477 8170
4004 6843 4016
6154 6343 5179
8113 7783 6454
3891 5978 355
2367 6119 5762
8131 7669 40
7461 9978 4873
8751 6248 8878
1078 2090 7894
5444 1409 5108
9448 8142 7513
5349 2263 9064
1554 9679 511
6179 4649 9908
2289 3182 9728
2075 4772 150
9323 1254 2791
4338 2701 6787
4480 8283 7941
9785 2750 5149
1672 674 825
3921 8678 5171
8779 31 6891
1513 3306 645
2847 9598 6546
9125 6855 9219
8271 1742 4205
2008 270 9455
8821 3683 938
754 7916 2308
7875 407 1259
4777 8744 6367
4199 5484 9773
3565 872 9471
8316 6693 2701
3417 2806 8676
8784 4494 6408
4037 5428 5003
1074 4447 3588
1636 6144 8459
2688 1708 9762
6557 658 6918
5673 6881 8064
6972 1391 21
2310 7468 1997
7607 4242 7783
1688 6480 4225
4416 7820 8707
3400 8903 4634
9217 424 6273
2489 1340 5086
9858 7616 325
9573 6175 2569
4636 9866 6279
9116 4993 5385
4536 8213 5526
2015 6166 9293
6882 1106 3394
7473 7968 6897
3878 6946 9511
8116 7261 9769
5420 9687 9053
4435 5361 4158
9516 3945 7657
2029 4329 1145
5464 9032 2057
2698 3132 1713
7997 2748 8385
3800 8188 7740
7346 4761 3291
6719 9087 210
7698 7966 38
4985 321 9784
561 9776 3492
2809 1746 2578
8008 2238 8112
1408 9304 4136
876 9086 1443
5743 9189 1442
677 1178 5682
8660 323 1995
318 9467 3035
6157 2301 9532
1737 3172 6203
1016 8081 1263
6013 2369 2939
952 2088 7109
5130 309 5294
2718 3405 7454
4424 4065 631
2207 2359 8638
1349 3530 5274
2326 3838 6367
8174 1941 1800
6208 9494 1675
75 3277 113
9548 9018 8554
2384 7182 1821
6405 9008 6794
5063 851 3372
6467 7399 2661
2845 9258 8707
1418 8498 9980
3027 9723 1395
6426 1598 3221
7340 2003 1381
8546 2554 6180
2111 109 2004
7430 8469 7797
6869 5560 3560
4382 562 4345
8223 9009 7607
8997 4557 8460
373 4531 8640
300 3467 5579
7099 2328 8032
1462 4571 5861
4075 1613 6814
7242 2570 7334
2061 1725 2581
8863 7543 8609
6361 930 5463
7905 8738 3622
4247 4029 2067
2835 6609 8499
7524 6504 6863
2673 7873 8734
4569 1420 4271
8030 4773 4295
940 2818 1929
2836 3163 2155
1628 4031 9153
3124 3830 5096
563 1730 4636
5746 7819 8198
2441 3217 4472
4684 7098 7196
9009 8946 5872
6061 3277 3216
8054 4946 5361
4565 2527 417
3404 3716 244
4942 5933 4277
5926 9280 3486
293 1314 7800
2655 372 2308
6901 5755 1200
6604 1548 6057
6441 873 805
1771 559 5776
2809 3778 6934
1745 8393 4178
9117 2703 2203
6166 9725 6703
1027 6771 3572
5836 4320 209
1091 1961 7726
6133 4425 1830
3485 3333 7549
2625 1307 9287
7962 245 6383
1064 3501 5964
3643 6901 5076
8136 2157 3476
1255 3462 5539
1911 4200 9578
1544 1049 8540
7809 5732 6451
3876 6274 3478
6536 2279 989
2321 7587 7247
5275 1332 9016
9829 544 2140
3533 5594 4409
9399 3953 9863
4166 8205 6479
7643 4336 8419
979 7350 305
2825 2551 6358
2171 5790 3839
7080 948 7096
7291 7525 1731
2657 3595 2385
7648 7267 9343
5822 8123 7863
2307 5769 9127
6278 1367 6656
6184 461 1650
4138 6099 3865
6363 1509 7716
5711 4796 5936
5373 2435 9556
6279 8124 6386
3226 2394 7334
7046 2918 5428
1842 4193 5711

#RES:75 3277 113
#RES:195 7270 641
#RES:216 9181 3820
#RES:293 7800 1314
#RES:300 5579 3467
#RES:318 9467 3035
#RES:373 8640 4531
#RES:561 9776 3492
#RES:563 4636 1730
#RES:677 5682 1178
#RES:754 7916 2308
#RES:876 9086 1443
#RES:912 8471 5903
#RES:940 2818 1929
#RES:952 7109 2088
#RES:979 7350 305
#RES:1016 8081 1263
#RES:1027 6771 3572
#RES:1064 5964 3501
#RES:1074 4447 3588
#RES:1078 7894 2090
#RES:1091 7726 1961
#RES:1255 5539 3462
#RES:1349 5274 3530
#RES:1408 9304 4136
#RES:1418 9980 8498
#RES:1462 5861 4571
#RES:1513 3306 645
#RES:1544 8540 1049
#RES:1554 9679 511
#RES:1628 9153 4031
#RES:1636 8459 6144
#RES:1672 825 674
#RES:1688 6480 4225
#RES:1737 6203 3172
#RES:1745 8393 4178
#RES:1771 5776 559
#RES:1842 5711 4193
#RES:1911 9578 4200
#RES:2004 9821 1984
#RES:2008 9455 270
#RES:2015 9293 6166
#RES:2029 4329 1145
#RES:2061 2581 1725
#RES:2075 4772 150
#RES:2111 2004 109
#RES:2171 5790 3839
#RES:2207 8638 2359
#RES:2209 7052 1817
#RES:2289 9728 3182
#RES:2307 9127 5769
#RES:2310 7468 1997
#RES:2321 7587 7247
#RES:2326 6367 3838
#RES:2367 6119 5762
#RES:2384 7182 1821
#RES:2441 4472 3217
#RES:2489 5086 1340
#RES:2625 9287 1307
#RES:2655 2308 372
#RES:2657 3595 2385
#RES:2673 8734 7873
#RES:2688 9762 1708
#RES:2698 3132 1713
#RES:2718 7454 3405
#RES:2809 2578 1746
#RES:2809 6934 3778
#RES:2825 6358 2551
#RES:2835 8499 6609
#RES:2836 3163 2155
#RES:2845 9258 8707
#RES:2847 9598 6546
#RES:3027 9723 1395
#RES:3124 5096 3830
#RES:3226 7334 2394
#RES:3400 8903 4634
#RES:3404 3716 244
#RES:3417 8676 2806
#RES:3485 7549 3333
#RES:3533 5594 4409
#RES:3565 9471 872
#RES:3643 6901 5076
#RES:3800 8188 7740
#RES:3872 7059 5845
#RES:3876 6274 3478
#RES:3878 9511 6946
#RES:3891 5978 355
#RES:3921 8678 5171
#RES:4004 6843 4016
#RES:4037 5428 5003
#RES:4075 6814 1613
#RES:4138 6099 3865
#RES:4166 8205 6479
#RES:4199 9773 5484
#RES:4247 4029 2067
#RES:4338 6787 2701
#RES:4341 7715 1706
#RES:4382 4345 562
#RES:4416 8707 7820
#RES:4424 4065 631
#RES:4435 5361 4158
#RES:4480 8283 7941
#RES:4536 8213 5526
#RES:4565 2527 417
#RES:4569 4271 1420
#RES:4578 5601 2745
#RES:4636 9866 6279
#RES:4684 7196 7098
#RES:4777 8744 6367
#RES:4942 5933 4277
#RES:4985 9784 321
#RES:5063 3372 851
#RES:5130 5294 309
#RES:5275 9016 1332
#RES:5349 9064 2263
#RES:5373 9556 2435
#RES:5420 9687 9053
#RES:5444 5108 1409
#RES:5464 9032 2057
#RES:5487 6898 327
#RES:5673 8064 6881
#RES:5711 5936 4796
#RES:5743 9189 1442
#RES:5746 8198 7819
#RES:5822 8123 7863
#RES:5836 4320 209
#RES:5888 3131 1418
#RES:5926 9280 3486
#RES:6013 2939 2369
#RES:6061 3277 3216
#RES:6133 4425 1830
#RES:6150 9198 5652
#RES:6154 6343 5179
#RES:6157 9532 2301
#RES:6166 9725 6703
#RES:6179 9908 4649
#RES:6184 1650 461
#RES:6208 9494 1675
#RES:6278 6656 1367
#RES:6279 8124 6386
#RES:6361 5463 930
#RES:6363 7716 1509
#RES:6405 9008 6794
#RES:6426 3221 1598
#RES:6441 873 805
#RES:6467 7399 2661
#RES:6536 2279 989
#RES:6557 6918 658
#RES:6604 6057 1548
#RES:6719 9087 210
#RES:6869 5560 3560
#RES:6882 3394 1106
#RES:6901 5755 1200
#RES:6972 1391 21
#RES:7046 5428 2918
#RES:7080 7096 948
#RES:7081 7264 5078
#RES:7099 8032 2328
#RES:7242 7334 2570
#RES:7291 7525 1731
#RES:7340 2003 1381
#RES:7346 4761 3291
#RES:7430 8469 7797
#RES:7461 9978 4873
#RES:7473 7968 6897
#RES:7524 6863 6504
#RES:7607 7783 4242
#RES:7643 8419 4336
#RES:7648 9343 7267
#RES:7698 7966 38
#RES:7809 6451 5732
#RES:7875 1259 407
#RES:7905 8738 3622
#RES:7962 6383 245
#RES:7997 8385 2748
#RES:8008 8112 2238
#RES:8030 4773 4295
#RES:8054 5361 4946
#RES:8113 7783 6454
#RES:8116 9769 7261
#RES:8131 7669 40
#RES:8136 3476 2157
#RES:8174 1941 1800
#RES:8223 9009 7607
#RES:8271 4205 1742
#RES:8316 6693 2701
#RES:8546 6180 2554
#RES:8660 1995 323
#RES:8751 8878 6248
#RES:8779 6891 31
#RES:8784 6408 4494
#RES:8821 3683 938
#RES:8863 8609 7543
#RES:8997 8460 4557
#RES:9009 8946 5872
#RES:9116 5385 4993
#RES:9117 2703 2203
#RES:9125 9219 6855
#RES:9217 6273 424
#RES:9242 8477 8170
#RES:9323 2791 1254
#RES:9399 9863 3953
#RES:9425 8840 8558
#RES:9448 8142 7513
#RES:9516 7657 3945
#RES:9548 9018 8554
#RES:9573 6175 2569
#RES:9785 5149 2750
#RES:9829 2140 544
#RES:9858 7616 325
#RES:9939 6419 2030
#SCORE:6
