215
36 37 35
58 24 46
6 14 42
74 16 56
81 8 88
26 81 34
38 89 79
46 30 73
72 26 65
85 63 91
85 5 55
63 94 61
12 28 78
64 16 40
72 77 94
60 93 57
22 70 79
37 27 79
47 9 89
99 96 25
89 2 100
34 24 42
47 36 83
42 46 44
83 95 57
9 91 85
56 7 29
56 58 37
75 95 27
86 23 65
9 66 85
50 85 55
39 80 75
32 81 34
49 60 10
49 91 46
75 74 32
64 6 72
28 94 70
46 71 28
1 26 73
78 65 7
43 19 76
99 69 8
86 62 84
82 85 35
69 99 43
20 38 4
5 17 13
91 91 55
71 16 67
43 75 77
15 16 35
34 99 45
22 68 10
12 38 73
76 5 92
85 96 83
14 72 62
44 12 88
16 48 10
93 80 96
33 53 14
26 44 40
48 44 37
96 97 13
56 90 34
99 3 38
30 63 87
3 61 29
66 90 20
51 93 31
18 80 11
12 10 86
47 70 15
13 27 85
24 28 6
20 93 9
51 65 9
60 46 26
3 60 22
12 46 97
19 66 72
85 78 33
82 50 7
19 44 87
39 74 97
91 47 43
36 10 27
22 30 81
34 100 34
52 1 50
36 54 41
91 46 77
14 45 76
38 18 76
56 24 2
47 57 4
63 35 60
3 28 42
19 31 88
13 87 39
98 76 97
94 71 29
33 85 34
51 3 80
89 91 89
98 12 1
13 40 28
1 11 4
26 100 38
90 31 45
75 35 50
75 1 88
12 33 67
85 99 35
71 71 26
46 65 70
44 39 35
7 4 72
18 53 100
52 77 70
80 41 92
81 32 42
52 49 56
45 37 41
4 57 24
74 25 13
54 24 43
13 61 85
15 9 61
6 34 99
30 91 42
72 52 69
29 18 54
26 88 11
11 36 94
58 3 26
69 26 74
92 96 56
94 89 6
30 33 6
57 84 19
4 83 70
45 42 65
21 12 64
16 31 42
76 45 53
78 99 3
83 95 97
32 71 69
4 12 89
8 18 69
99 2 67
20 95 49
66 39 82
92 22 35
67 96 83
48 7 58
68 27 44
99 13 86
46 88 87
94 30 47
58 46 77
34 6 3
72 55 91
88 74 27
87 38 13
91 34 27
22 47 11
96 27 85
34 35 46
50 92 4
23 23 30
66 96 67
50 32 17
3 54 59
51 86 18
1 57 89
93 24 88
82 10 26
46 69 73
95 10 23
83 49 70
59 90 24
51 21 34
66 40 48
47 73 44
31 12 63
9 40 75
8 33 29
14 90 44
15 66 89
94 3 58
94 35 26
13 78 39
16 92 26
83 64 46
57 61 64
1 16 83
7 50 34
63 94 79
48 94 67
96 50 62
54 15 62
4 46 65
100 10 68
30 16 81
70 14 80
59 43 89
13 15 65
40 91 32
7 29 55
91 21 41
81 23 72

#RES:1 11 4
#RES:1 73 26
#RES:1 83 16
#RES:1 89 57
#RES:3 42 28
#RES:3 59 54
#RES:3 60 22
#RES:3 61 29
#RES:4 57 24
#RES:4 65 46
#RES:4 83 70
#RES:4 89 12
#RES:5 17 13
#RES:6 42 14
#RES:6 99 34
#RES:7 50 34
#RES:7 55 29
#RES:7 72 4
#RES:8 33 29
#RES:8 69 18
#RES:9 75 40
#RES:9 85 66
#RES:9 91 85
#RES:11 94 36
#RES:12 67 33
#RES:12 73 38
#RES:12 78 28
#RES:12 86 10
#RES:12 97 46
#RES:13 40 28
#RES:13 65 15
#RES:13 78 39
#RES:13 85 27
#RES:13 85 61
#RES:13 87 39
#RES:14 72 62
#RES:14 76 45
#RES:14 90 44
#RES:15 35 16
#RES:15 61 9
#RES:15 89 66
#RES:16 42 31
#RES:16 48 10
#RES:16 92 26
#RES:18 80 11
#RES:18 100 53
#RES:19 72 66
#RES:19 87 44
#RES:19 88 31
#RES:20 38 4
#RES:20 93 9
#RES:20 95 49
#RES:21 64 12
#RES:22 47 11
#RES:22 68 10
#RES:22 79 70
#RES:22 81 30
#RES:23 30 23
#RES:24 28 6
#RES:26 44 40
#RES:26 81 34
#RES:26 88 11
#RES:26 100 38
#RES:28 94 70
#RES:29 54 18
#RES:30 33 6
#RES:30 81 16
#RES:30 87 63
#RES:30 91 42
#RES:31 63 12
#RES:32 71 69
#RES:32 81 34
#RES:33 53 14
#RES:33 85 34
#RES:34 6 3
#RES:34 42 24
#RES:34 46 35
#RES:34 99 45
#RES:34 100 34
#RES:36 27 10
#RES:36 37 35
#RES:36 54 41
#RES:37 79 27
#RES:38 76 18
#RES:38 89 79
#RES:39 80 75
#RES:39 97 74
#RES:40 91 32
#RES:42 46 44
#RES:43 76 19
#RES:43 77 75
#RES:44 39 35
#RES:44 88 12
#RES:45 41 37
#RES:45 65 42
#RES:46 70 65
#RES:46 71 28
#RES:46 73 30
#RES:46 73 69
#RES:46 88 87
#RES:47 57 4
#RES:47 70 15
#RES:47 73 44
#RES:47 83 36
#RES:47 89 9
#RES:48 44 37
#RES:48 58 7
#RES:48 94 67
#RES:49 60 10
#RES:49 91 46
#RES:50 32 17
#RES:50 85 55
#RES:50 92 4
#RES:51 34 21
#RES:51 65 9
#RES:51 80 3
#RES:51 86 18
#RES:51 93 31
#RES:52 50 1
#RES:52 56 49
#RES:52 77 70
#RES:54 43 24
#RES:54 62 15
#RES:56 24 2
#RES:56 29 7
#RES:56 58 37
#RES:56 90 34
#RES:57 64 61
#RES:57 84 19
#RES:58 26 3
#RES:58 46 24
#RES:58 77 46
#RES:59 89 43
#RES:59 90 24
#RES:60 46 26
#RES:60 93 57
#RES:63 60 35
#RES:63 94 61
#RES:63 94 79
#RES:64 40 16
#RES:64 72 6
#RES:66 48 40
#RES:66 82 39
#RES:66 90 20
#RES:66 96 67
#RES:67 96 83
#RES:68 44 27
#RES:69 74 26
#RES:69 99 43
#RES:70 80 14
#RES:71 67 16
#RES:71 71 26
#RES:72 65 26
#RES:72 69 52
#RES:72 91 55
#RES:72 94 77
#RES:74 25 13
#RES:74 56 16
#RES:75 50 35
#RES:75 74 32
#RES:75 88 1
#RES:75 95 27
#RES:76 53 45
#RES:76 92 5
#RES:78 65 7
#RES:78 99 3
#RES:80 92 41
#RES:81 42 32
#RES:81 72 23
#RES:81 88 8
#RES:82 26 10
#RES:82 50 7
#RES:82 85 35
#RES:83 64 46
#RES:83 70 49
#RES:83 95 57
#RES:83 97 95
#RES:85 55 5
#RES:85 78 33
#RES:85 91 63
#RES:85 96 83
#RES:85 99 35
#RES:86 65 23
#RES:86 84 62
#RES:87 38 13
#RES:88 74 27
#RES:89 91 89
#RES:89 100 2
#RES:90 45 31
#RES:91 34 27
#RES:91 41 21
#RES:91 47 43
#RES:91 77 46
#RES:91 91 55
#RES:92 35 22
#RES:92 96 56
#RES:93 88 24
#RES:93 96 80
#RES:94 35 26
#RES:94 47 30
#RES:94 58 3
#RES:94 71 29
#RES:94 89 6
#RES:95 23 10
#RES:96 62 50
#RES:96 85 27
#RES:96 97 13
#RES:98 12 1
#RES:98 97 76
#RES:99 38 3
#RES:99 67 2
#RES:99 69 8
#RES:99 86 13
#RES:99 96 25
#RES:100 68 10
#SCORE:6
