87
16 17 13
27 1 8
26 24 25
23 11 15
22 4 25
8 29 2
27 30 3
23 4 15
30 20 2
12 22 6
7 26 25
22 24 23
24 9 20
15 9 17
14 9 12
15 5 24
27 26 10
17 16 9
1 14 4
21 2 2
19 13 28
3 2 1
3 4 23
2 12 23
26 22 15
28 25 28
24 2 27
7 23 25
8 11 7
3 1 13
13 26 23
21 27 12
8 6 14
1 23 10
9 20 25
5 18 20
20 20 4
12 2 27
18 16 8
29 4 22
20 5 1
30 20 29
26 5 6
29 17 11
9 21 29
25 27 2
3 7 11
10 4 17
20 8 8
12 16 11
20 27 2
14 16 9
18 30 16
21 5 9
16 30 6
14 10 6
19 18 1
6 30 26
6 23 6
2 22 22
15 17 19
8 15 25
20 3 22
6 27 18
7 3 14
20 29 28
5 20 14
12 9 7
4 20 5
16 15 6
4 11 22
13 12 12
6 30 15
16 11 26
11 6 27
23 21 25
29 23 21
16 23 2
27 20 11
12 15 27
26 25 17
14 12 7
8 18 22
7 28 29
14 17 10
26 15 14
6 14 15

#RES:1 14 4
#RES:1 23 10
#RES:2 22 22
#RES:2 23 12
#RES:3 2 1
#RES:3 11 7
#RES:3 13 1
#RES:3 23 4
#RES:4 20 5
#RES:4 22 11
#RES:5 20 14
#RES:5 20 18
#RES:6 15 14
#RES:6 23 6
#RES:6 27 18
#RES:6 30 15
#RES:6 30 26
#RES:7 14 3
#RES:7 25 23
#RES:7 26 25
#RES:7 29 28
#RES:8 11 7
#RES:8 14 6
#RES:8 22 18
#RES:8 25 15
#RES:8 29 2
#RES:9 25 20
#RES:9 29 21
#RES:10 17 4
#RES:11 27 6
#RES:12 9 7
#RES:12 16 11
#RES:12 22 6
#RES:12 27 2
#RES:12 27 15
#RES:13 12 12
#RES:13 26 23
#RES:14 10 6
#RES:14 12 7
#RES:14 12 9
#RES:14 16 9
#RES:14 17 10
#RES:15 17 9
#RES:15 19 17
#RES:15 24 5
#RES:16 15 6
#RES:16 17 13
#RES:16 23 2
#RES:16 26 11
#RES:16 30 6
#RES:17 16 9
#RES:18 16 8
#RES:18 30 16
#RES:19 18 1
#RES:19 28 13
#RES:20 5 1
#RES:20 8 8
#RES:20 20 4
#RES:20 22 3
#RES:20 27 2
#RES:20 29 28
#RES:21 2 2
#RES:21 9 5
#RES:21 27 12
#RES:22 24 23
#RES:22 25 4
#RES:23 15 4
#RES:23 15 11
#RES:23 25 21
#RES:24 20 9
#RES:24 27 2
#RES:25 27 2
#RES:26 6 5
#RES:26 15 14
#RES:26 22 15
#RES:26 25 17
#RES:26 25 24
#RES:27 8 1
#RES:27 20 11
#RES:27 26 10
#RES:27 30 3
#RES:28 28 25
#RES:29 17 11
#RES:29 22 4
#RES:29 23 21
#RES:30 20 2
#RES:30 29 20
#SCORE:6
