696
655 404 371
532 358 673
974 453 906
972 16 2
575 231 654
870 982 494
420 434 881
274 494 840
792 530 232
501 618 530
96 425 557
607 91 997
452 433 637
258 674 630
819 670 700
976 509 830
280 376 915
343 138 72
862 260 519
498 140 749
320 596 440
376 111 835
608 59 394
547 128 94
810 410 381
901 617 98
386 693 378
132 556 703
568 946 195
401 443 4
856 110 469
573 695 861
271 220 325
710 994 191
526 521 427
973 708 674
392 998 668
303 944 160
955 677 296
934 184 587
388 173 802
123 43 131
857 887 618
419 67 876
286 464 535
828 461 112
233 494 714
810 167 228
873 776 152
747 466 797
945 269 3
58 222 254
243 859 750
185 358 17
884 403 927
587 84 429
76 338 15
386 699 585
716 562 82
232 10 524
449 620 621
223 961 835
983 295 296
876 23 410
921 920 254
463 2 711
129 659 56
92 332 106
885 505 578
124 315 293
217 941 43
14 778 746
165 407 385
361 257 425
945 545 564
563 676 553
419 510 246
783 15 738
95 530 640
274 38 259
737 457 687
859 667 515
208 867 138
599 542 294
402 872 818
495 166 304
78 95 913
180 242 189
787 765 434
62 751 723
205 234 145
144 358 63
370 785 127
136 28 165
203 459 34
710 364 494
434 623 610
836 42 47
944 787 438
387 308 831
36 605 214
644 356 698
394 261 821
211 975 224
610 779 734
347 81 357
528 696 698
731 847 449
190 159 7
418 652 345
497 292 932
801 227 809
811 993 584
687 718 103
423 535 685
45 534 373
494 156 686
983 913 761
592 930 765
688 510 242
343 101 211
419 107 517
829 171 982
622 939 703
980 895 159
194 276 289
819 478 52
570 235 563
861 769 669
602 802 535
757 347 446
245 80 519
49 281 31
100 559 306
501 392 557
751 899 849
431 962 237
329 356 397
197 566 947
740 531 710
559 722 478
946 124 691
562 19 473
548 67 91
262 91 731
164 216 558
788 78 827
442 455 916
635 751 221
848 203 781
851 629 920
600 426 778
163 479 939
672 920 500
596 161 234
746 318 354
757 324 790
779 763 829
169 755 542
76 179 392
683 325 334
854 395 440
980 305 775
773 519 956
555 40 107
54 642 168
177 220 398
187 98 978
163 153 298
886 353 537
369 702 667
330 303 408
716 242 545
314 599 264
634 276 168
797 707 240
880 777 44
748 988 409
728 825 176
562 187 876
771 231 114
13 463 80
309 38 643
128 949 918
495 563 640
159 573 329
734 513 166
318 84 847
597 373 720
596 975 935
206 416 124
770 162 78
1 581 729
815 358 948
49 156 750
11 321 259
811 513 147
392 543 64
285 752 321
193 943 690
364 874 150
321 164 100
486 381 34
768 764 938
72 277 320
389 277 870
482 554 148
355 131 719
479 606 60
623 882 504
289 633 963
504 437 532
269 87 284
126 346 298
839 927 817
211 467 904
611 134 558
148 72 385
497 66 268
869 448 343
827 867 672
276 823 78
915 314 241
523 377 247
741 154 207
231 653 175
222 516 715
913 604 267
898 258 480
124 28 496
313 922 126
569 436 591
218 173 651
660 308 527
615 798 251
644 941 421
464 717 536
762 976 448
904 266 968
553 741 115
700 258 543
497 175 421
146 682 248
290 541 483
922 540 670
363 530 602
145 594 957
112 390 703
407 503 164
424 847 575
365 180 57
251 651 924
596 357 594
572 238 855
703 826 961
529 441 246
860 186 144
772 268 157
186 329 843
568 316 544
923 555 663
988 87 494
977 390 236
641 996 12
736 23 684
654 928 389
449 480 746
276 886 902
354 576 955
752 147 855
118 753 812
847 169 337
11 535 483
4 965 658
795 77 916
67 53 59
949 334 642
421 718 483
951 457 400
818 951 409
5 507 352
705 954 731
843 542 271
242 358 200
480 120 259
966 181 989
204 54 180
908 195 351
333 341 939
833 214 857
853 63 530
385 824 381
16 813 672
247 536 13
814 537 701
860 75 7
151 718 357
582 394 978
903 475 971
903 76 554
31 592 364
2 657 878
968 679 484
421 267 224
498 766 493
901 177 443
762 847 77
106 157 309
396 338 192
126 239 158
611 665 908
45 814 239
152 104 641
432 77 211
260 763 477
548 455 701
277 554 264
64 434 928
274 625 214
104 706 360
165 611 223
138 330 964
557 909 397
497 925 590
532 963 515
286 415 929
990 672 398
602 144 356
921 886 201
446 698 318
321 158 806
694 410 871
805 26 372
79 7 27
927 34 415
381 514 935
680 205 612
74 961 126
795 749 863
608 261 213
927 947 933
226 443 368
100 87 268
826 864 934
218 778 779
365 318 295
571 580 266
396 59 289
614 186 433
594 209 644
395 291 606
286 267 596
182 113 843
530 477 492
860 188 292
768 639 713
453 462 817
616 590 448
492 829 825
167 701 165
133 471 176
573 60 549
868 26 352
539 17 276
16 68 217
276 116 934
290 531 63
158 18 360
696 431 303
128 93 981
465 663 634
93 396 472
241 81 912
995 311 778
220 518 93
530 610 964
1 941 736
997 410 791
754 656 252
341 904 346
738 865 17
813 139 34
476 730 127
348 395 910
38 688 279
981 143 976
348 338 86
579 411 815
986 290 838
74 151 697
335 166 907
580 672 265
494 347 262
614 921 941
339 305 339
852 46 512
224 830 157
412 530 162
374 612 106
310 105 308
111 546 58
998 771 12
772 394 375
808 821 913
851 782 194
633 244 979
195 681 20
841 791 322
723 328 704
342 309 31
615 575 76
60 161 579
327 770 685
700 483 720
849 744 969
509 431 277
410 502 829
587 839 82
230 532 875
443 311 883
760 157 54
222 14 931
757 966 194
792 202 810
938 710 668
148 553 891
148 742 717
978 474 651
417 352 279
827 224 994
726 440 52
718 331 116
916 582 786
344 21 340
539 872 295
727 819 489
904 22 70
662 471 690
879 821 910
374 964 525
430 997 507
340 796 470
183 251 803
158 612 624
478 998 138
762 324 52
74 859 152
116 341 792
601 47 821
768 105 996
743 858 383
393 634 36
634 892 369
145 318 129
622 638 661
80 665 680
227 683 227
75 846 716
938 413 865
181 703 490
208 394 93
792 991 642
317 505 831
589 276 445
927 490 31
548 92 818
14 952 627
748 98 876
967 493 657
333 444 949
948 109 254
465 718 215
395 336 986
54 277 92
112 317 525
163 675 238
916 378 498
228 773 899
930 129 118
435 520 82
541 537 608
870 700 233
748 937 154
190 500 908
287 653 714
856 429 193
420 715 707
842 462 882
541 114 994
623 722 662
976 917 189
652 360 349
233 247 936
898 656 440
541 223 800
455 742 282
384 549 753
718 659 224
70 216 830
892 787 677
36 15 898
619 442 325
303 40 360
380 662 361
713 253 15
76 383 602
882 138 756
529 787 504
594 457 115
853 764 262
626 928 735
662 783 95
781 916 164
566 15 31
130 512 562
317 55 69
25 523 443
892 938 152
663 657 559
206 212 946
493 974 657
546 123 895
555 776 114
507 694 274
955 122 368
64 64 247
618 532 940
773 362 539
951 963 143
488 623 453
605 967 191
107 249 219
926 933 561
220 967 108
669 836 767
504 32 256
905 182 286
518 370 633
598 599 36
434 214 630
684 313 759
319 656 660
396 763 499
716 174 506
300 449 890
650 259 750
999 248 401
387 867 805
979 308 737
514 462 760
691 845 863
820 367 525
515 962 119
319 616 513
191 42 691
590 584 37
662 958 375
731 485 249
793 297 856
126 388 253
721 262 213
216 507 935
343 437 815
864 861 953
683 916 836
358 348 113
600 643 438
553 288 915
721 684 521
422 320 343
588 511 932
984 442 951
386 346 231
630 633 943
96 856 526
842 356 313
699 926 814
43 669 282
693 940 95
732 533 333
906 538 198
308 838 497
268 988 897
62 197 802
267 700 113
544 797 134
226 485 3
64 930 132
67 220 567
268 219 156
338 708 182
19 301 984
608 298 204
985 62 221
632 780 240
163 636 458
975 359 540
984 936 482
870 932 160
963 917 684
930 45 65
152 337 411
409 812 634
605 587 725
525 81 953
115 704 882
607 563 162
609 425 240
808 66 987
591 311 638
371 505 290
615 673 590
187 473 457
185 734 966
183 521 960
431 3 81
33 736 598
550 884 102
426 209 149
621 259 580
903 691 781
766 786 3
346 879 970
882 5 220
952 250 578
405 262 982
445 678 823
125 603 835
96 380 117
771 512 882
83 98 944
499 30 630
530 474 287
196 554 46
837 962 157
53 587 736
152 770 174
632 303 776
42 359 573
311 695 336
479 107 87
65 470 956
619 186 658
617 132 843
426 492 368
982 839 696
249 401 576
355 306 992
919 542 756
388 320 487
584 434 458
78 920 929
737 90 278
645 932 349
137 251 104
676 428 371
719 23 426
807 507 423
581 934 150
398 221 712
763 624 32
719 276 903
662 62 830
246 761 745
341 306 983
171 126 578
81 150 140
205 406 691
739 187 767
759 689 846
927 47 555
967 111 776
591 18 811
162 658 700
49 751 894
453 380 281
657 703 210
861 70 139
505 511 296
182 855 891
865 714 396
35 973 881
118 110 882
776 893 848
154 251 342
48 830 879
657 387 88
681 926 175
900 444 859
252 23 668
263 81 427
353 172 640
521 661 377
951 257 64
61 271 678
421 672 149

#RES:1 729 581
#RES:1 941 736
#RES:2 878 657
#RES:4 965 658
#RES:5 507 352
#RES:11 321 259
#RES:11 535 483
#RES:13 463 80
#RES:14 778 746
#RES:14 952 627
#RES:16 217 68
#RES:16 813 672
#RES:19 984 301
#RES:25 523 443
#RES:31 592 364
#RES:33 736 598
#RES:35 973 881
#RES:36 605 214
#RES:36 898 15
#RES:38 688 279
#RES:42 573 359
#RES:43 669 282
#RES:45 534 373
#RES:45 814 239
#RES:48 879 830
#RES:49 281 31
#RES:49 750 156
#RES:49 894 751
#RES:53 736 587
#RES:54 277 92
#RES:54 642 168
#RES:58 254 222
#RES:60 579 161
#RES:61 678 271
#RES:62 751 723
#RES:62 802 197
#RES:64 247 64
#RES:64 928 434
#RES:64 930 132
#RES:65 956 470
#RES:67 59 53
#RES:67 567 220
#RES:70 830 216
#RES:72 320 277
#RES:74 697 151
#RES:74 859 152
#RES:74 961 126
#RES:75 846 716
#RES:76 338 15
#RES:76 392 179
#RES:76 602 383
#RES:78 913 95
#RES:78 929 920
#RES:79 27 7
#RES:80 680 665
#RES:81 150 140
#RES:83 944 98
#RES:92 332 106
#RES:93 472 396
#RES:95 640 530
#RES:96 380 117
#RES:96 557 425
#RES:96 856 526
#RES:100 268 87
#RES:100 559 306
#RES:104 706 360
#RES:106 309 157
#RES:107 249 219
#RES:111 546 58
#RES:112 525 317
#RES:112 703 390
#RES:115 882 704
#RES:116 792 341
#RES:118 812 753
#RES:118 882 110
#RES:123 131 43
#RES:124 315 293
#RES:124 496 28
#RES:125 835 603
#RES:126 239 158
#RES:126 346 298
#RES:126 388 253
#RES:128 949 918
#RES:128 981 93
#RES:129 659 56
#RES:130 562 512
#RES:132 703 556
#RES:133 471 176
#RES:136 165 28
#RES:137 251 104
#RES:138 964 330
#RES:144 358 63
#RES:145 318 129
#RES:145 957 594
#RES:146 682 248
#RES:148 385 72
#RES:148 742 717
#RES:148 891 553
#RES:151 718 357
#RES:152 411 337
#RES:152 641 104
#RES:152 770 174
#RES:154 342 251
#RES:158 360 18
#RES:158 624 612
#RES:159 573 329
#RES:162 700 658
#RES:163 298 153
#RES:163 636 458
#RES:163 675 238
#RES:163 939 479
#RES:164 558 216
#RES:165 407 385
#RES:165 611 223
#RES:167 701 165
#RES:169 755 542
#RES:171 578 126
#RES:177 398 220
#RES:180 242 189
#RES:181 703 490
#RES:182 843 113
#RES:182 891 855
#RES:183 803 251
#RES:183 960 521
#RES:185 358 17
#RES:185 966 734
#RES:186 843 329
#RES:187 473 457
#RES:187 978 98
#RES:190 159 7
#RES:190 908 500
#RES:191 691 42
#RES:193 943 690
#RES:194 289 276
#RES:195 681 20
#RES:196 554 46
#RES:197 947 566
#RES:203 459 34
#RES:204 180 54
#RES:205 234 145
#RES:205 691 406
#RES:206 416 124
#RES:206 946 212
#RES:208 394 93
#RES:208 867 138
#RES:211 904 467
#RES:211 975 224
#RES:216 935 507
#RES:217 941 43
#RES:218 651 173
#RES:218 779 778
#RES:220 518 93
#RES:220 967 108
#RES:222 715 516
#RES:222 931 14
#RES:223 961 835
#RES:224 830 157
#RES:226 443 368
#RES:226 485 3
#RES:227 683 227
#RES:228 899 773
#RES:230 875 532
#RES:231 653 175
#RES:232 524 10
#RES:233 714 494
#RES:233 936 247
#RES:241 912 81
#RES:242 358 200
#RES:243 859 750
#RES:245 519 80
#RES:246 761 745
#RES:247 536 13
#RES:249 576 401
#RES:251 924 651
#RES:252 668 23
#RES:258 674 630
#RES:260 763 477
#RES:262 731 91
#RES:263 427 81
#RES:267 700 113
#RES:268 219 156
#RES:268 988 897
#RES:269 284 87
#RES:271 325 220
#RES:274 259 38
#RES:274 625 214
#RES:274 840 494
#RES:276 823 78
#RES:276 902 886
#RES:276 934 116
#RES:277 554 264
#RES:280 915 376
#RES:285 752 321
#RES:286 535 464
#RES:286 596 267
#RES:286 929 415
#RES:287 714 653
#RES:289 963 633
#RES:290 531 63
#RES:290 541 483
#RES:300 890 449
#RES:303 360 40
#RES:303 944 160
#RES:308 838 497
#RES:309 643 38
#RES:310 308 105
#RES:311 695 336
#RES:313 922 126
#RES:314 599 264
#RES:317 69 55
#RES:317 831 505
#RES:318 847 84
#RES:319 616 513
#RES:319 660 656
#RES:320 596 440
#RES:321 164 100
#RES:321 806 158
#RES:327 770 685
#RES:329 397 356
#RES:330 408 303
#RES:333 939 341
#RES:333 949 444
#RES:335 907 166
#RES:338 708 182
#RES:339 339 305
#RES:340 796 470
#RES:341 904 346
#RES:341 983 306
#RES:342 309 31
#RES:343 138 72
#RES:343 211 101
#RES:343 815 437
#RES:344 340 21
#RES:346 970 879
#RES:347 357 81
#RES:348 338 86
#RES:348 910 395
#RES:353 640 172
#RES:354 955 576
#RES:355 719 131
#RES:355 992 306
#RES:358 348 113
#RES:361 425 257
#RES:363 602 530
#RES:364 874 150
#RES:365 180 57
#RES:365 318 295
#RES:369 702 667
#RES:370 785 127
#RES:371 505 290
#RES:374 612 106
#RES:374 964 525
#RES:376 835 111
#RES:380 662 361
#RES:381 935 514
#RES:384 753 549
#RES:385 824 381
#RES:386 346 231
#RES:386 693 378
#RES:386 699 585
#RES:387 831 308
#RES:387 867 805
#RES:388 487 320
#RES:388 802 173
#RES:389 870 277
#RES:392 543 64
#RES:392 998 668
#RES:393 634 36
#RES:394 821 261
#RES:395 606 291
#RES:395 986 336
#RES:396 289 59
#RES:396 338 192
#RES:396 763 499
#RES:398 712 221
#RES:401 443 4
#RES:402 872 818
#RES:405 982 262
#RES:407 503 164
#RES:409 812 634
#RES:410 829 502
#RES:412 530 162
#RES:417 352 279
#RES:418 652 345
#RES:419 510 246
#RES:419 517 107
#RES:419 876 67
#RES:420 715 707
#RES:420 881 434
#RES:421 267 224
#RES:421 672 149
#RES:421 718 483
#RES:422 343 320
#RES:423 685 535
#RES:424 847 575
#RES:426 209 149
#RES:426 492 368
#RES:430 997 507
#RES:431 81 3
#RES:431 962 237
#RES:432 211 77
#RES:434 623 610
#RES:434 630 214
#RES:435 520 82
#RES:442 916 455
#RES:443 883 311
#RES:445 823 678
#RES:446 698 318
#RES:449 621 620
#RES:449 746 480
#RES:452 637 433
#RES:453 380 281
#RES:453 817 462
#RES:455 742 282
#RES:463 711 2
#RES:464 717 536
#RES:465 663 634
#RES:465 718 215
#RES:476 730 127
#RES:478 998 138
#RES:479 107 87
#RES:479 606 60
#RES:480 259 120
#RES:482 554 148
#RES:486 381 34
#RES:488 623 453
#RES:492 829 825
#RES:493 974 657
#RES:494 347 262
#RES:494 686 156
#RES:495 304 166
#RES:495 640 563
#RES:497 268 66
#RES:497 421 175
#RES:497 925 590
#RES:497 932 292
#RES:498 749 140
#RES:498 766 493
#RES:499 630 30
#RES:501 557 392
#RES:501 618 530
#RES:504 256 32
#RES:504 532 437
#RES:505 511 296
#RES:507 694 274
#RES:509 431 277
#RES:514 760 462
#RES:515 962 119
#RES:518 633 370
#RES:521 661 377
#RES:523 377 247
#RES:525 953 81
#RES:526 521 427
#RES:528 698 696
#RES:529 441 246
#RES:529 787 504
#RES:530 474 287
#RES:530 492 477
#RES:530 964 610
#RES:532 673 358
#RES:532 963 515
#RES:539 276 17
#RES:539 872 295
#RES:541 608 537
#RES:541 800 223
#RES:541 994 114
#RES:544 797 134
#RES:546 895 123
#RES:547 128 94
#RES:548 91 67
#RES:548 701 455
#RES:548 818 92
#RES:550 884 102
#RES:553 741 115
#RES:553 915 288
#RES:555 107 40
#RES:555 776 114
#RES:557 909 397
#RES:559 722 478
#RES:562 473 19
#RES:562 876 187
#RES:563 676 553
#RES:566 31 15
#RES:568 544 316
#RES:568 946 195
#RES:569 591 436
#RES:570 563 235
#RES:571 580 266
#RES:572 855 238
#RES:573 549 60
#RES:573 861 695
#RES:575 654 231
#RES:579 815 411
#RES:580 672 265
#RES:581 934 150
#RES:582 978 394
#RES:584 458 434
#RES:587 429 84
#RES:587 839 82
#RES:588 932 511
#RES:589 445 276
#RES:590 584 37
#RES:591 638 311
#RES:591 811 18
#RES:592 930 765
#RES:594 457 115
#RES:594 644 209
#RES:596 234 161
#RES:596 594 357
#RES:596 975 935
#RES:597 720 373
#RES:598 599 36
#RES:599 542 294
#RES:600 643 438
#RES:600 778 426
#RES:601 821 47
#RES:602 356 144
#RES:602 802 535
#RES:605 725 587
#RES:605 967 191
#RES:607 563 162
#RES:607 997 91
#RES:608 261 213
#RES:608 298 204
#RES:608 394 59
#RES:609 425 240
#RES:610 779 734
#RES:611 558 134
#RES:611 908 665
#RES:614 433 186
#RES:614 941 921
#RES:615 575 76
#RES:615 673 590
#RES:615 798 251
#RES:616 590 448
#RES:617 843 132
#RES:618 940 532
#RES:619 442 325
#RES:619 658 186
#RES:621 580 259
#RES:622 661 638
#RES:622 939 703
#RES:623 722 662
#RES:623 882 504
#RES:626 928 735
#RES:630 943 633
#RES:632 776 303
#RES:632 780 240
#RES:633 979 244
#RES:634 276 168
#RES:634 892 369
#RES:635 751 221
#RES:641 996 12
#RES:644 698 356
#RES:644 941 421
#RES:645 932 349
#RES:650 750 259
#RES:652 360 349
#RES:654 928 389
#RES:655 404 371
#RES:657 387 88
#RES:657 703 210
#RES:660 527 308
#RES:662 690 471
#RES:662 783 95
#RES:662 830 62
#RES:662 958 375
#RES:663 657 559
#RES:669 836 767
#RES:672 920 500
#RES:676 428 371
#RES:680 612 205
#RES:681 926 175
#RES:683 334 325
#RES:683 916 836
#RES:684 759 313
#RES:687 718 103
#RES:688 510 242
#RES:691 863 845
#RES:693 940 95
#RES:694 871 410
#RES:696 431 303
#RES:699 926 814
#RES:700 543 258
#RES:700 720 483
#RES:703 961 826
#RES:705 954 731
#RES:710 494 364
#RES:710 994 191
#RES:713 253 15
#RES:716 506 174
#RES:716 545 242
#RES:716 562 82
#RES:718 331 116
#RES:718 659 224
#RES:719 426 23
#RES:719 903 276
#RES:721 262 213
#RES:721 684 521
#RES:723 704 328
#RES:726 440 52
#RES:727 819 489
#RES:728 825 176
#RES:731 485 249
#RES:731 847 449
#RES:732 533 333
#RES:734 513 166
#RES:736 684 23
#RES:737 278 90
#RES:737 687 457
#RES:738 865 17
#RES:739 767 187
#RES:740 710 531
#RES:741 207 154
#RES:743 858 383
#RES:746 354 318
#RES:747 797 466
#RES:748 876 98
#RES:748 937 154
#RES:748 988 409
#RES:751 899 849
#RES:752 855 147
#RES:754 656 252
#RES:757 446 347
#RES:757 790 324
#RES:757 966 194
#RES:759 846 689
#RES:760 157 54
#RES:762 324 52
#RES:762 847 77
#RES:762 976 448
#RES:763 624 32
#RES:766 786 3
#RES:768 713 639
#RES:768 938 764
#RES:768 996 105
#RES:770 162 78
#RES:771 231 114
#RES:771 882 512
#RES:772 268 157
#RES:772 394 375
#RES:773 539 362
#RES:773 956 519
#RES:776 893 848
#RES:779 829 763
#RES:781 916 164
#RES:783 738 15
#RES:787 765 434
#RES:788 827 78
#RES:792 530 232
#RES:792 810 202
#RES:792 991 642
#RES:793 856 297
#RES:795 863 749
#RES:795 916 77
#RES:797 707 240
#RES:801 809 227
#RES:805 372 26
#RES:807 507 423
#RES:808 913 821
#RES:808 987 66
#RES:810 228 167
#RES:810 410 381
#RES:811 513 147
#RES:811 993 584
#RES:813 139 34
#RES:814 701 537
#RES:815 948 358
#RES:818 951 409
#RES:819 478 52
#RES:819 700 670
#RES:820 525 367
#RES:826 934 864
#RES:827 867 672
#RES:827 994 224
#RES:828 461 112
#RES:829 982 171
#RES:833 857 214
#RES:836 47 42
#RES:837 962 157
#RES:839 927 817
#RES:841 791 322
#RES:842 356 313
#RES:842 882 462
#RES:843 542 271
#RES:847 337 169
#RES:848 781 203
#RES:849 969 744
#RES:851 782 194
#RES:851 920 629
#RES:852 512 46
#RES:853 530 63
#RES:853 764 262
#RES:854 440 395
#RES:856 429 193
#RES:856 469 110
#RES:857 887 618
#RES:859 667 515
#RES:860 75 7
#RES:860 186 144
#RES:860 292 188
#RES:861 139 70
#RES:861 769 669
#RES:862 519 260
#RES:864 953 861
#RES:865 714 396
#RES:868 352 26
#RES:869 448 343
#RES:870 700 233
#RES:870 932 160
#RES:870 982 494
#RES:873 776 152
#RES:876 410 23
#RES:879 910 821
#RES:880 777 44
#RES:882 220 5
#RES:882 756 138
#RES:884 927 403
#RES:885 578 505
#RES:886 537 353
#RES:892 787 677
#RES:892 938 152
#RES:898 480 258
#RES:898 656 440
#RES:900 859 444
#RES:901 443 177
#RES:901 617 98
#RES:903 554 76
#RES:903 781 691
#RES:903 971 475
#RES:904 70 22
#RES:904 968 266
#RES:905 286 182
#RES:906 538 198
#RES:908 351 195
#RES:913 604 267
#RES:915 314 241
#RES:916 498 378
#RES:916 786 582
#RES:919 756 542
#RES:921 886 201
#RES:921 920 254
#RES:922 670 540
#RES:923 663 555
#RES:926 933 561
#RES:927 415 34
#RES:927 490 31
#RES:927 555 47
#RES:927 947 933
#RES:930 65 45
#RES:930 129 118
#RES:934 587 184
#RES:938 710 668
#RES:938 865 413
#RES:944 787 438
#RES:945 269 3
#RES:945 564 545
#RES:946 691 124
#RES:948 254 109
#RES:949 642 334
#RES:951 257 64
#RES:951 457 400
#RES:951 963 143
#RES:952 578 250
#RES:955 368 122
#RES:955 677 296
#RES:963 917 684
#RES:966 989 181
#RES:967 657 493
#RES:967 776 111
#RES:968 679 484
#RES:972 16 2
#RES:973 708 674
#RES:974 906 453
#RES:975 540 359
#RES:976 830 509
#RES:976 917 189
#RES:977 390 236
#RES:978 651 474
#RES:979 737 308
#RES:980 775 305
#RES:980 895 159
#RES:981 976 143
#RES:982 839 696
#RES:983 296 295
#RES:983 913 761
#RES:984 936 482
#RES:984 951 442
#RES:985 221 62
#RES:986 838 290
#RES:988 494 87
#RES:990 672 398
#RES:995 778 311
#RES:997 791 410
#RES:998 771 12
#RES:999 401 248
#SCORE:6
