658
16 13 11
19 8 5
20 18 3
8 5 6
14 2 4
13 17 18
7 10 8
6 9 7
10 9 13
1 7 18
3 18 11
12 3 19
5 7 2
19 9 2
6 8 14
9 17 1
19 1 9
16 8 5
3 16 20
19 1 6
4 12 4
7 14 16
6 1 11
18 16 19
1 3 19
2 2 3
4 13 17
4 10 11
6 6 19
16 16 4
5 13 8
13 2 16
17 17 18
16 2 10
9 20 11
14 5 14
12 2 16
13 6 8
12 7 8
4 10 5
1 16 18
12 2 2
18 14 3
6 5 15
5 16 17
4 3 15
14 17 13
19 9 6
4 13 10
4 19 4
17 13 9
17 19 6
12 6 15
15 1 20
2 20 9
16 5 6
16 15 4
3 12 20
16 18 9
6 9 11
2 5 16
15 2 18
12 2 12
2 9 12
3 18 6
14 10 9
4 17 8
2 11 20
19 1 12
7 2 15
11 14 3
12 5 10
5 5 10
14 15 18
17 6 13
17 20 17
16 4 10
19 1 7
14 17 8
2 13 15
7 5 7
14 8 13
2 8 2
2 8 1
13 17 2
12 11 13
16 9 19
8 7 7
20 19 1
16 1 10
20 12 15
16 1 12
14 19 14
4 5 14
18 7 5
4 16 9
9 1 11
14 11 18
12 5 20
17 12 3
4 13 8
1 8 19
14 2 5
18 14 18
6 13 12
16 13 14
20 11 2
5 15 4
7 1 4
1 15 2
12 12 5
12 9 17
20 19 17
6 1 20
17 6 8
14 7 12
11 8 1
9 19 18
3 7 12
10 12 19
19 6 20
1 10 7
8 6 16
20 10 15
6 18 7
4 8 6
18 7 16
18 11 19
16 16 16
15 18 1
3 15 1
8 20 5
9 17 20
15 16 13
6 8 7
3 4 12
15 20 10
18 4 15
19 5 1
6 16 20
13 13 13
17 13 1
20 7 12
19 13 16
3 18 8
3 13 5
5 7 18
17 13 15
6 19 7
15 9 9
10 2 9
3 18 9
15 12 13
1 1 12
11 5 19
16 12 7
20 20 1
3 20 13
5 3 8
7 14 1
10 8 2
10 5 18
19 4 11
2 18 14
1 17 11
10 18 7
10 12 20
1 20 1
4 19 18
3 8 19
9 19 10
20 13 10
14 19 15
8 8 2
4 6 19
14 8 11
9 18 15
10 17 12
7 6 17
8 10 1
15 10 10
5 18 1
18 16 12
17 2 11
3 5 18
1 13 14
3 16 12
6 2 13
2 20 13
12 16 7
11 15 17
9 16 11
2 10 9
2 19 9
1 11 4
2 12 15
17 1 10
10 15 18
20 9 4
10 15 1
13 12 5
3 14 7
11 13 1
12 15 18
19 11 19
18 7 2
2 12 8
16 4 11
17 11 12
6 3 17
3 15 20
17 14 7
17 1 8
8 17 2
19 10 7
14 20 6
4 13 13
8 6 3
18 12 8
17 6 4
15 14 19
12 8 4
4 6 12
3 6 14
16 13 13
4 4 6
9 5 18
10 4 20
3 17 10
14 14 19
6 16 16
12 18 11
3 5 18
15 13 16
5 13 19
20 14 19
7 9 9
6 2 14
12 10 2
3 15 19
20 1 17
4 1 4
17 3 19
13 17 8
17 20 2
3 6 4
12 11 1
12 8 13
12 8 19
3 9 17
1 13 14
16 6 1
4 14 19
18 1 16
12 12 16
9 20 10
9 16 10
4 9 10
3 13 20
9 15 8
2 6 20
3 15 12
13 8 3
5 16 11
8 13 7
15 1 16
19 16 15
17 9 14
6 1 20
20 14 16
20 11 10
14 5 4
9 12 11
7 3 10
5 10 2
12 3 5
6 16 20
11 9 15
3 13 3
1 10 13
6 18 20
14 13 2
20 10 10
1 7 4
12 4 4
15 14 3
6 6 17
3 2 2
19 9 19
9 17 15
6 16 11
11 9 19
6 10 15
20 15 19
9 13 5
8 16 18
19 19 14
10 3 13
17 17 1
8 10 14
20 15 14
13 14 10
11 20 15
5 20 6
4 13 10
4 12 13
6 3 14
11 11 10
20 3 10
16 3 7
6 12 20
8 1 13
15 3 4
12 6 16
2 4 20
19 13 16
7 20 12
3 15 17
4 20 3
8 19 15
9 11 13
8 9 10
11 10 14
12 6 19
20 18 18
6 5 2
14 17 19
16 1 4
17 13 17
1 6 2
19 14 2
15 3 8
6 19 17
17 14 10
4 13 9
20 15 4
1 6 17
11 8 18
1 15 10
4 14 2
11 6 19
13 3 12
2 9 12
8 6 15
17 8 19
2 13 13
9 6 1
14 11 2
1 18 5
5 16 18
4 9 11
15 9 16
8 17 20
4 7 4
18 2 13
12 6 6
19 6 12
20 9 7
15 6 16
19 4 4
16 18 14
20 2 18
8 3 9
11 1 11
15 17 18
8 15 6
9 9 16
15 17 10
1 20 14
19 3 6
18 18 6
5 8 13
16 14 16
15 10 14
3 4 8
11 9 15
7 15 20
15 1 19
3 13 16
10 3 9
11 14 12
5 6 6
3 18 8
5 2 2
6 5 4
6 13 19
11 13 20
3 20 20
7 15 14
7 4 17
2 8 20
16 13 7
19 18 6
18 4 15
1 1 18
5 16 5
8 17 13
8 20 13
4 12 5
6 19 14
15 12 11
16 10 15
1 14 11
20 9 4
18 5 5
13 6 1
17 8 3
8 10 14
9 13 8
19 2 17
5 20 18
19 11 18
12 4 9
4 4 17
16 14 3
19 7 16
2 10 9
13 3 1
10 18 20
9 17 6
17 11 4
7 13 15
1 16 15
11 16 20
19 5 16
11 10 16
6 20 14
20 7 11
7 11 2
20 1 15
2 19 15
1 5 13
11 20 17
7 4 15
14 6 8
19 16 7
1 5 6
4 14 14
8 14 13
15 17 20
12 3 8
4 20 19
11 4 6
5 20 12
4 9 19
14 18 20
1 6 14
5 16 15
1 8 19
6 3 13
3 6 20
2 5 7
16 4 18
15 12 3
17 18 10
16 4 4
11 11 14
16 15 13
3 3 8
3 4 11
2 12 16
6 11 7
7 6 15
17 7 10
18 2 16
4 5 5
16 16 5
5 15 13
2 16 11
19 7 3
19 17 2
4 9 4
19 3 5
8 4 5
17 16 12
17 10 8
8 3 16
2 1 9
4 6 19
19 8 19
10 11 1
5 3 6
1 4 1
6 20 4
8 17 4
7 17 4
2 9 4
3 14 10
3 8 18
17 8 18
19 19 8
4 1 9
5 14 5
14 1 11
19 4 11
20 12 10
15 12 20
7 17 20
16 5 11
5 8 19
16 16 15
11 15 5
11 6 7
15 3 19
18 11 6
11 9 19
6 17 20
9 12 13
7 7 14
5 4 1
10 13 18
6 13 3
13 11 12
17 2 14
5 13 9
17 10 1
10 9 5
5 1 14
7 13 18
16 15 15
7 12 1
17 15 11
8 19 7
10 19 4
18 6 11
1 19 2
5 10 6
3 18 8
10 16 12
14 5 18
15 4 20
13 20 9
7 8 8
3 17 17
16 9 11
4 19 20
6 14 18
6 8 9
19 11 11
6 4 8
14 6 18
6 7 1
11 3 10
12 9 20
2 1 16
14 9 20
11 12 19
4 18 9
17 10 2
14 15 5
6 20 3
3 17 3
12 7 19
5 7 20
12 16 20
5 10 1
15 13 3
7 5 20
15 19 17
7 3 10
12 17 10
4 12 14
10 14 15
16 15 14
15 19 8
20 1 5
6 1 11
16 13 12
2 19 8
17 20 3
4 17 12
1 16 5
15 2 8
10 3 19
15 1 15
19 5 13
6 11 9
6 3 8
19 19 8
9 1 1
17 19 19
9 12 5
1 3 19
8 12 9
5 9 12
4 17 13
12 18 15
17 14 11
8 10 16
7 4 13
19 12 14
6 20 12
16 6 20
19 15 12
8 10 1
14 12 18
13 19 20
2 8 15
1 18 13
13 13 14
18 20 9
11 1 9
9 4 11
8 5 3
12 13 7
17 11 13
6 3 13
1 9 7
4 2 18
10 12 2
5 3 2
10 15 4
15 4 8
20 11 18
9 17 6
12 18 2
3 15 7
7 7 10
4 4 16
2 6 11
7 4 16
18 11 6
10 5 16
18 5 19
14 9 7
7 5 16
16 9 8
19 17 10
20 3 8
4 4 18
8 14 4
12 2 3
18 12 9
13 3 15
6 7 5
5 19 19
12 10 17
6 15 18
11 17 13
8 17 5
12 2 5
17 17 6
8 14 16
17 4 11
18 9 17
3 16 5
6 8 9
1 13 1
8 11 2
10 15 16
15 10 20
8 11 17
18 9 5
3 11 1
16 5 7
1 17 11
14 13 15
17 18 6

#RES:1 4 1
#RES:1 6 2
#RES:1 6 5
#RES:1 7 4
#RES:1 9 7
#RES:1 10 7
#RES:1 11 4
#RES:1 12 1
#RES:1 13 1
#RES:1 13 5
#RES:1 13 10
#RES:1 14 6
#RES:1 14 11
#RES:1 14 13
#RES:1 15 2
#RES:1 15 10
#RES:1 16 5
#RES:1 16 15
#RES:1 17 6
#RES:1 17 11
#RES:1 18 1
#RES:1 18 5
#RES:1 18 7
#RES:1 18 13
#RES:1 18 16
#RES:1 19 2
#RES:1 19 3
#RES:1 19 8
#RES:1 20 1
#RES:1 20 14
#RES:2 3 2
#RES:2 7 5
#RES:2 8 1
#RES:2 8 2
#RES:2 9 1
#RES:2 9 4
#RES:2 10 9
#RES:2 11 6
#RES:2 12 8
#RES:2 12 9
#RES:2 13 13
#RES:2 15 8
#RES:2 15 12
#RES:2 15 13
#RES:2 16 1
#RES:2 16 5
#RES:2 16 11
#RES:2 16 12
#RES:2 18 14
#RES:2 19 8
#RES:2 19 9
#RES:2 19 15
#RES:2 20 4
#RES:2 20 6
#RES:2 20 8
#RES:2 20 9
#RES:2 20 11
#RES:2 20 13
#RES:3 2 2
#RES:3 6 4
#RES:3 8 3
#RES:3 8 4
#RES:3 11 1
#RES:3 11 4
#RES:3 12 4
#RES:3 12 7
#RES:3 13 3
#RES:3 13 5
#RES:3 14 6
#RES:3 14 7
#RES:3 14 10
#RES:3 15 1
#RES:3 15 7
#RES:3 15 12
#RES:3 16 5
#RES:3 16 12
#RES:3 16 13
#RES:3 17 3
#RES:3 17 9
#RES:3 17 10
#RES:3 17 15
#RES:3 17 17
#RES:3 18 5
#RES:3 18 6
#RES:3 18 8
#RES:3 18 9
#RES:3 18 11
#RES:3 19 8
#RES:3 19 15
#RES:3 20 6
#RES:3 20 12
#RES:3 20 13
#RES:3 20 15
#RES:3 20 16
#RES:3 20 20
#RES:4 4 1
#RES:4 5 5
#RES:4 6 4
#RES:4 7 4
#RES:4 8 6
#RES:4 9 1
#RES:4 9 4
#RES:4 10 5
#RES:4 10 9
#RES:4 11 9
#RES:4 11 10
#RES:4 12 4
#RES:4 12 5
#RES:4 12 6
#RES:4 13 8
#RES:4 13 9
#RES:4 13 10
#RES:4 13 12
#RES:4 13 13
#RES:4 14 2
#RES:4 14 5
#RES:4 14 12
#RES:4 14 14
#RES:4 15 3
#RES:4 16 4
#RES:4 16 9
#RES:4 17 4
#RES:4 17 8
#RES:4 17 12
#RES:4 17 13
#RES:4 18 2
#RES:4 18 4
#RES:4 18 9
#RES:4 19 4
#RES:4 19 6
#RES:4 19 9
#RES:4 19 14
#RES:4 19 18
#RES:4 20 3
#RES:4 20 19
#RES:5 2 2
#RES:5 3 2
#RES:5 4 1
#RES:5 6 3
#RES:5 6 6
#RES:5 7 2
#RES:5 8 3
#RES:5 10 1
#RES:5 10 2
#RES:5 10 5
#RES:5 10 6
#RES:5 12 9
#RES:5 13 8
#RES:5 13 9
#RES:5 14 1
#RES:5 14 5
#RES:5 15 4
#RES:5 15 13
#RES:5 16 5
#RES:5 16 11
#RES:5 16 15
#RES:5 17 16
#RES:5 18 1
#RES:5 18 7
#RES:5 18 16
#RES:5 19 8
#RES:5 19 13
#RES:5 19 19
#RES:5 20 6
#RES:5 20 7
#RES:5 20 12
#RES:5 20 18
#RES:6 5 2
#RES:6 5 4
#RES:6 7 1
#RES:6 7 5
#RES:6 8 3
#RES:6 8 4
#RES:6 8 7
#RES:6 9 7
#RES:6 9 8
#RES:6 11 1
#RES:6 11 7
#RES:6 11 9
#RES:6 13 2
#RES:6 13 3
#RES:6 13 12
#RES:6 14 2
#RES:6 14 3
#RES:6 14 8
#RES:6 15 5
#RES:6 15 10
#RES:6 16 11
#RES:6 16 16
#RES:6 17 3
#RES:6 17 6
#RES:6 18 7
#RES:6 18 14
#RES:6 18 15
#RES:6 19 6
#RES:6 19 7
#RES:6 19 13
#RES:6 19 14
#RES:6 19 17
#RES:6 20 1
#RES:6 20 3
#RES:6 20 4
#RES:6 20 12
#RES:6 20 14
#RES:6 20 16
#RES:6 20 17
#RES:6 20 18
#RES:7 4 1
#RES:7 7 5
#RES:7 8 8
#RES:7 9 9
#RES:7 10 3
#RES:7 10 7
#RES:7 10 8
#RES:7 11 2
#RES:7 12 1
#RES:7 13 4
#RES:7 14 1
#RES:7 14 7
#RES:7 15 2
#RES:7 15 4
#RES:7 15 6
#RES:7 15 13
#RES:7 15 14
#RES:7 16 4
#RES:7 16 5
#RES:7 16 14
#RES:7 17 4
#RES:7 17 6
#RES:7 18 13
#RES:7 20 5
#RES:7 20 12
#RES:7 20 15
#RES:7 20 17
#RES:8 5 3
#RES:8 5 4
#RES:8 6 3
#RES:8 6 5
#RES:8 7 7
#RES:8 8 2
#RES:8 9 3
#RES:8 10 1
#RES:8 10 9
#RES:8 11 2
#RES:8 12 9
#RES:8 13 1
#RES:8 13 7
#RES:8 14 4
#RES:8 14 10
#RES:8 14 13
#RES:8 15 6
#RES:8 16 3
#RES:8 16 6
#RES:8 16 10
#RES:8 16 14
#RES:8 17 2
#RES:8 17 4
#RES:8 17 5
#RES:8 17 11
#RES:8 17 13
#RES:8 18 16
#RES:8 19 7
#RES:8 19 15
#RES:8 20 5
#RES:8 20 13
#RES:8 20 17
#RES:9 1 1
#RES:9 6 1
#RES:9 11 1
#RES:9 11 4
#RES:9 12 5
#RES:9 12 11
#RES:9 13 5
#RES:9 13 8
#RES:9 13 11
#RES:9 13 12
#RES:9 15 8
#RES:9 16 9
#RES:9 16 10
#RES:9 16 11
#RES:9 17 1
#RES:9 17 6
#RES:9 17 15
#RES:9 18 5
#RES:9 18 15
#RES:9 19 10
#RES:9 19 18
#RES:9 20 10
#RES:9 20 11
#RES:9 20 17
#RES:10 8 2
#RES:10 9 2
#RES:10 9 3
#RES:10 9 5
#RES:10 11 1
#RES:10 12 2
#RES:10 13 3
#RES:10 13 9
#RES:10 15 1
#RES:10 15 4
#RES:10 15 14
#RES:10 16 5
#RES:10 16 12
#RES:10 16 15
#RES:10 17 12
#RES:10 18 5
#RES:10 18 7
#RES:10 18 13
#RES:10 18 15
#RES:10 19 3
#RES:10 19 4
#RES:10 19 12
#RES:10 20 4
#RES:10 20 12
#RES:10 20 18
#RES:11 6 4
#RES:11 7 6
#RES:11 8 1
#RES:11 9 1
#RES:11 10 3
#RES:11 11 1
#RES:11 11 10
#RES:11 13 1
#RES:11 14 3
#RES:11 14 10
#RES:11 14 11
#RES:11 14 12
#RES:11 15 5
#RES:11 15 9
#RES:11 16 10
#RES:11 17 13
#RES:11 17 15
#RES:11 18 8
#RES:11 19 5
#RES:11 19 6
#RES:11 19 9
#RES:11 19 12
#RES:11 20 13
#RES:11 20 15
#RES:11 20 16
#RES:11 20 17
#RES:12 2 2
#RES:12 3 2
#RES:12 4 4
#RES:12 5 2
#RES:12 5 3
#RES:12 6 6
#RES:12 8 3
#RES:12 8 4
#RES:12 8 7
#RES:12 9 4
#RES:12 10 2
#RES:12 10 5
#RES:12 11 1
#RES:12 12 2
#RES:12 12 5
#RES:12 13 7
#RES:12 13 8
#RES:12 13 11
#RES:12 15 6
#RES:12 16 2
#RES:12 16 6
#RES:12 16 7
#RES:12 16 12
#RES:12 17 9
#RES:12 17 10
#RES:12 18 2
#RES:12 18 11
#RES:12 18 15
#RES:12 19 3
#RES:12 19 6
#RES:12 19 7
#RES:12 19 8
#RES:12 20 5
#RES:12 20 9
#RES:12 20 16
#RES:13 3 1
#RES:13 6 1
#RES:13 8 3
#RES:13 8 6
#RES:13 12 3
#RES:13 12 5
#RES:13 12 11
#RES:13 13 13
#RES:13 14 10
#RES:13 14 13
#RES:13 15 3
#RES:13 16 2
#RES:13 17 2
#RES:13 17 8
#RES:13 18 17
#RES:13 20 9
#RES:13 20 19
#RES:14 4 2
#RES:14 5 2
#RES:14 5 4
#RES:14 8 6
#RES:14 9 7
#RES:14 10 9
#RES:14 11 1
#RES:14 11 2
#RES:14 11 8
#RES:14 12 7
#RES:14 13 2
#RES:14 13 8
#RES:14 14 5
#RES:14 15 5
#RES:14 15 13
#RES:14 17 8
#RES:14 17 13
#RES:14 18 5
#RES:14 18 6
#RES:14 18 11
#RES:14 18 12
#RES:14 18 15
#RES:14 19 14
#RES:14 19 15
#RES:14 19 17
#RES:14 20 6
#RES:14 20 9
#RES:14 20 18
#RES:15 4 3
#RES:15 8 2
#RES:15 8 3
#RES:15 8 4
#RES:15 9 9
#RES:15 10 10
#RES:15 12 3
#RES:15 12 11
#RES:15 13 3
#RES:15 13 12
#RES:15 14 3
#RES:15 14 10
#RES:15 15 1
#RES:15 16 1
#RES:15 16 6
#RES:15 16 9
#RES:15 16 13
#RES:15 17 10
#RES:15 18 1
#RES:15 18 2
#RES:15 18 17
#RES:15 19 1
#RES:15 19 3
#RES:15 19 8
#RES:15 19 14
#RES:15 19 17
#RES:15 20 1
#RES:15 20 4
#RES:15 20 10
#RES:15 20 12
#RES:15 20 17
#RES:16 4 1
#RES:16 4 4
#RES:16 6 1
#RES:16 6 5
#RES:16 7 3
#RES:16 7 5
#RES:16 8 5
#RES:16 9 8
#RES:16 10 1
#RES:16 10 2
#RES:16 10 4
#RES:16 11 4
#RES:16 11 5
#RES:16 11 9
#RES:16 12 1
#RES:16 12 7
#RES:16 13 7
#RES:16 13 11
#RES:16 13 12
#RES:16 13 13
#RES:16 14 3
#RES:16 14 13
#RES:16 15 4
#RES:16 15 10
#RES:16 15 13
#RES:16 15 14
#RES:16 15 15
#RES:16 16 4
#RES:16 16 5
#RES:16 16 14
#RES:16 16 15
#RES:16 16 16
#RES:16 18 4
#RES:16 18 9
#RES:16 18 14
#RES:16 19 9
#RES:16 20 6
#RES:17 6 4
#RES:17 8 1
#RES:17 8 3
#RES:17 8 6
#RES:17 10 1
#RES:17 10 2
#RES:17 10 7
#RES:17 10 8
#RES:17 11 2
#RES:17 11 4
#RES:17 12 3
#RES:17 12 11
#RES:17 13 1
#RES:17 13 6
#RES:17 13 9
#RES:17 13 11
#RES:17 14 2
#RES:17 14 7
#RES:17 14 9
#RES:17 14 10
#RES:17 14 11
#RES:17 15 11
#RES:17 15 13
#RES:17 16 12
#RES:17 17 1
#RES:17 17 6
#RES:17 17 13
#RES:17 18 6
#RES:17 18 8
#RES:17 18 10
#RES:17 18 17
#RES:17 19 3
#RES:17 19 6
#RES:17 19 8
#RES:17 19 19
#RES:17 20 2
#RES:17 20 3
#RES:17 20 17
#RES:18 5 5
#RES:18 7 2
#RES:18 7 5
#RES:18 9 5
#RES:18 11 6
#RES:18 12 8
#RES:18 12 9
#RES:18 13 2
#RES:18 14 3
#RES:18 15 4
#RES:18 16 1
#RES:18 16 2
#RES:18 16 7
#RES:18 16 12
#RES:18 17 9
#RES:18 18 6
#RES:18 18 14
#RES:18 19 5
#RES:18 19 11
#RES:18 19 16
#RES:18 20 9
#RES:19 4 4
#RES:19 5 1
#RES:19 5 3
#RES:19 6 1
#RES:19 6 3
#RES:19 7 1
#RES:19 7 3
#RES:19 8 5
#RES:19 9 1
#RES:19 9 2
#RES:19 9 6
#RES:19 10 7
#RES:19 11 4
#RES:19 11 11
#RES:19 12 1
#RES:19 12 6
#RES:19 13 5
#RES:19 14 2
#RES:19 14 12
#RES:19 15 12
#RES:19 16 5
#RES:19 16 7
#RES:19 16 13
#RES:19 16 15
#RES:19 17 2
#RES:19 17 10
#RES:19 18 6
#RES:19 18 11
#RES:19 19 8
#RES:19 19 9
#RES:19 19 11
#RES:19 19 14
#RES:19 20 6
#RES:20 5 1
#RES:20 8 3
#RES:20 9 4
#RES:20 9 7
#RES:20 10 3
#RES:20 10 10
#RES:20 11 2
#RES:20 11 7
#RES:20 11 10
#RES:20 12 7
#RES:20 12 10
#RES:20 13 10
#RES:20 15 1
#RES:20 15 4
#RES:20 15 10
#RES:20 15 12
#RES:20 15 14
#RES:20 16 14
#RES:20 17 1
#RES:20 18 2
#RES:20 18 3
#RES:20 18 11
#RES:20 18 18
#RES:20 19 1
#RES:20 19 14
#RES:20 19 15
#RES:20 19 17
#RES:20 20 1
#SCORE:6
